<?xml version="1.0"?>
<opencv_storage>
<cameraMatrix type_id="opencv-matrix">
  <rows>3</rows>
  <cols>3</cols>
  <dt>d</dt>
  <data>
    6.0981919111671743e+02 0. 3.0256273320117907e+02 0.
    6.1421023867878750e+02 2.5345950597832075e+02 0. 0. 1.</data></cameraMatrix>
<distCoeffs type_id="opencv-matrix">
  <rows>1</rows>
  <cols>5</cols>
  <dt>d</dt>
  <data>
    2.1144861469723425e-01 -1.1318478928301885e+00
    4.3832037258502189e-03 -1.8775922881360007e-03
    2.0226595317705005e+00</data></distCoeffs>
</opencv_storage>
