<?xml version="1.0"?>
<opencv_storage>
<cameraMatrix type_id="opencv-matrix">
  <rows>3</rows>
  <cols>3</cols>
  <dt>d</dt>
  <data>
    6.1134092269755206e+02 0. 3.0416424078431260e+02 0.
    6.1369011448993376e+02 2.5899824010334919e+02 0. 0. 1.</data></cameraMatrix>
<distCoeffs type_id="opencv-matrix">
  <rows>1</rows>
  <cols>5</cols>
  <dt>d</dt>
  <data>
    2.0927467888597265e-01 -9.5785929421438032e-01
    4.1758773018508799e-03 -2.4766229313531304e-03
    1.4113533141870411e+00</data></distCoeffs>
</opencv_storage>
