<?xml version="1.0"?>
<opencv_storage>
<cameraMatrix type_id="opencv-matrix">
  <rows>3</rows>
  <cols>3</cols>
  <dt>d</dt>
  <data>
    7.0862533228695906e+02 0. 3.2727863346460776e+02 0.
    7.0524343159528644e+02 2.0789606173000601e+02 0. 0. 1.</data></cameraMatrix>
<distCoeffs type_id="opencv-matrix">
  <rows>1</rows>
  <cols>5</cols>
  <dt>d</dt>
  <data>
    9.4500699304172278e-02 -3.9986913666777102e-01
    -6.3576036294550381e-04 4.6951944002322065e-03
    -2.5655883913450062e-01</data></distCoeffs>
</opencv_storage>
