<?xml version="1.0"?>
<opencv_storage>
<cameraMatrix type_id="opencv-matrix">
  <rows>3</rows>
  <cols>3</cols>
  <dt>d</dt>
  <data>
    6.4370030156904909e+02 0. 3.5473549795666804e+02 0.
    6.2623263997894264e+02 2.0945921927386374e+02 0. 0. 1.</data></cameraMatrix>
<distCoeffs type_id="opencv-matrix">
  <rows>1</rows>
  <cols>5</cols>
  <dt>d</dt>
  <data>
    2.0870295491019081e-01 -3.9408574148862641e-01
    2.3003236211163510e-03 3.2913845944340568e-02
    -2.9384451995210720e-01</data></distCoeffs>
</opencv_storage>
