<?xml version="1.0"?>
<opencv_storage>
<cameraMatrix type_id="opencv-matrix">
  <rows>3</rows>
  <cols>3</cols>
  <dt>d</dt>
  <data>
    6.0449630612959277e+02 0. 3.1043764706478032e+02 0.
    6.0672258839078904e+02 2.4660081455458717e+02 0. 0. 1.</data></cameraMatrix>
<distCoeffs type_id="opencv-matrix">
  <rows>1</rows>
  <cols>5</cols>
  <dt>d</dt>
  <data>
    2.5773986955661515e-01 -1.2641002995027115e+00
    -1.5062476535059743e-04 4.8034429311302872e-03
    1.6740952204588575e+00</data></distCoeffs>
</opencv_storage>
