<?xml version="1.0"?>
<opencv_storage>
<cameraMatrix type_id="opencv-matrix">
  <rows>3</rows>
  <cols>3</cols>
  <dt>d</dt>
  <data>
    5.3205954177419062e+02 0. 3.4352137293614362e+02 0.
    5.3214880046141900e+02 2.3439904507550258e+02 0. 0. 1.</data></cameraMatrix>
<distCoeffs type_id="opencv-matrix">
  <rows>1</rows>
  <cols>5</cols>
  <dt>d</dt>
  <data>
    -2.8038862439055207e-01 7.5432827841887904e-03
    1.2774201903624971e-03 -3.1897696162380088e-04
    1.9800654721582317e-01</data></distCoeffs>
</opencv_storage>
