<?xml version="1.0"?>
<opencv_storage>
<intrinsic0 type_id="opencv-matrix">
  <rows>3</rows>
  <cols>3</cols>
  <dt>d</dt>
  <data>
    5.3461356906998651e+02 0. 3.3509255914905572e+02 0.
    5.3461356906998651e+02 2.4025945940065219e+02 0. 0. 1.</data></intrinsic0>
<intrinsic1 type_id="opencv-matrix">
  <rows>3</rows>
  <cols>3</cols>
  <dt>d</dt>
  <data>
    5.3461356906998651e+02 0. 3.3403775410423066e+02 0.
    5.3461356906998651e+02 2.4162377555905348e+02 0. 0. 1.</data></intrinsic1>
<distortionCoefficients0 type_id="opencv-matrix">
  <rows>1</rows>
  <cols>8</cols>
  <dt>d</dt>
  <data>
    -2.7542546928062717e-01 -1.1947282121040299e-02 0. 0. 0. 0. 0.
    -2.3148198721319191e-01</data></distortionCoefficients0>
<distortionCoefficients1 type_id="opencv-matrix">
  <rows>1</rows>
  <cols>8</cols>
  <dt>d</dt>
  <data>
    -2.8177134116945673e-01 9.7540311328512208e-02 0. 0. 0. 0. 0.
    2.2626370455018929e-02</data></distortionCoefficients1>
<rotationMatrix type_id="opencv-matrix">
  <rows>3</rows>
  <cols>3</cols>
  <dt>d</dt>
  <data>
    9.9975500742891854e-01 5.2894229939534580e-03
    -2.1492955245707174e-02 -4.9038882917517221e-03
    9.9982684160475199e-01 1.7951007946300241e-02 2.1584184034263505e-02
    -1.7841211031125393e-02 9.9960783019568122e-01</data></rotationMatrix>
<translationVector type_id="opencv-matrix">
  <rows>3</rows>
  <cols>1</cols>
  <dt>d</dt>
  <data>
    -3.3381600764365005e+00 4.8326239982049310e-02
    -1.0695597164538749e-01</data></translationVector>
<essentialMatrix type_id="opencv-matrix">
  <rows>3</rows>
  <cols>3</cols>
  <dt>d</dt>
  <data>
    5.1858232037179047e-04 1.0607525267511463e-01 5.0227255386882698e-02
    -3.4878306801265024e-02 -6.0122553755143027e-02
    3.3391497507643750e+00 -3.1944436297435416e-02
    -3.3378376639195562e+00 -5.8884664345006346e-02</data></essentialMatrix>
<fundamentalMatrix type_id="opencv-matrix">
  <rows>3</rows>
  <cols>3</cols>
  <dt>d</dt>
  <data>
    -2.5390883248940718e-08 -5.1936679105156650e-06
    -5.8402801052601185e-05 1.7077154024008049e-06
    2.9437269321687427e-06 -8.8684440282217766e-02
    4.3202826875994821e-04 8.8394201133232930e-02 1.</data></fundamentalMatrix>
</opencv_storage>
