<?xml version="1.0"?>
<opencv_storage>
<intrinsic0 type_id="opencv-matrix">
  <rows>3</rows>
  <cols>3</cols>
  <dt>d</dt>
  <data>
    5.3460967686387994e+02 0. 3.3509270031062016e+02 0.
    5.3460967686387994e+02 2.4025855344786726e+02 0. 0. 1.</data></intrinsic0>
<intrinsic1 type_id="opencv-matrix">
  <rows>3</rows>
  <cols>3</cols>
  <dt>d</dt>
  <data>
    5.3460967686387994e+02 0. 3.3403818456592967e+02 0.
    5.3460967686387994e+02 2.4162264705667195e+02 0. 0. 1.</data></intrinsic1>
<distortionCoefficients0 type_id="opencv-matrix">
  <rows>1</rows>
  <cols>14</cols>
  <dt>d</dt>
  <data>
    -2.7536460609842717e-01 -1.2170598325393592e-02 0. 0. 0. 0. 0.
    -2.3159731620116492e-01 0. 0. 0. 0. 0. 0.</data></distortionCoefficients0>
<distortionCoefficients1 type_id="opencv-matrix">
  <rows>1</rows>
  <cols>14</cols>
  <dt>d</dt>
  <data>
    -2.8180222986268155e-01 9.7689857114513598e-02 0. 0. 0. 0. 0.
    2.2839530748563756e-02 0. 0. 0. 0. 0. 0.</data></distortionCoefficients1>
<rotationMatrix type_id="opencv-matrix">
  <rows>3</rows>
  <cols>3</cols>
  <dt>d</dt>
  <data>
    9.9975496309201373e-01 5.2897227833859231e-03
    -2.1494943725469576e-02 -4.9041379209408325e-03
    9.9982682816792545e-01 1.7951688135603237e-02 2.1586180860415444e-02
    -1.7841875140816782e-02 9.9960777522352273e-01</data></rotationMatrix>
<translationVector type_id="opencv-matrix">
  <rows>3</rows>
  <cols>1</cols>
  <dt>d</dt>
  <data>
    -3.3381437319414800e+00 4.8323976278522293e-02
    -1.0702750710367327e-01</data></translationVector>
<essentialMatrix type_id="opencv-matrix">
  <rows>3</rows>
  <cols>3</cols>
  <dt>d</dt>
  <data>
    5.1825243567171948e-04 1.0614678260311657e-01 5.0226346847184161e-02
    -3.4943507078512154e-02 -6.0124889510175347e-02
    3.3391349795046410e+00 -3.1941417859428237e-02
    -3.3378212799139959e+00 -5.8886594076934411e-02</data></essentialMatrix>
<fundamentalMatrix type_id="opencv-matrix">
  <rows>3</rows>
  <cols>3</cols>
  <dt>d</dt>
  <data>
    -2.5374556975523982e-08 -5.1971344417133759e-06
    -5.7537719152813338e-05 1.7108959847706069e-06
    2.9438210599929097e-06 -8.8683902465112111e-02
    4.3116540820245687e-04 8.8393676376844463e-02 1.</data></fundamentalMatrix>
</opencv_storage>
